0.0069392
0.0067712
0.0066953
0.0066642
0.0066497
0.007099
0.0068189
0.0068658
0.0071369
0.0067325
0.0066396
0.0069527
0.0067825
0.0067882
0.0067375
0.007004
0.0067418
0.0068121
0.0068261
0.0067628
0.0065262
0.0068009
0.0066161
0.0063946
0.0067766
0.0062837
0.007052
0.0067603
0.0067653
0.0067011
0.00718
0.0067162
0.0067512
0.0066694
0.0067277
0.0071375
0.006645
0.0066772
0.006565
0.0064269
0.0069321
0.0067294
0.0068228
0.0069132
0.006888
0.0068022
0.0067534
0.0068548
0.0068609
0.006824
0.0068137
0.0067598
0.0069405
0.006596
0.006978
0.0067221
0.0069721
0.0068225
0.0067296
0.0069817
0.0067966
0.0068077
0.0065637
0.0076304
0.0067546
0.0069298
0.0067282
0.0068964
0.0068796
0.006802
0.0064368
0.0064833
0.0064924
0.0071486
0.0068493
0.0068649
0.0070226
0.0065158
0.0064899
0.0067159
0.0065917
0.0070285
0.0074988
0.0068674
0.0064294
0.0066843
0.0067313
0.0063723
0.0065059
0.0066643
0.0069834
0.0067008
0.006952
0.0068524
0.0064458
0.006368
0.0067926
0.0065498
0.0065444
0.0066408
