1.07944
1.09611
0.972382
1.03308
1.07107
1.01811
1.05852
1.15702
1.09258
1.07646
1.07895
1.0761
1.07404
1.12412
1.12698
1.09574
1.08299
1.10447
1.07195
1.07833
1.05335
1.08356
1.01895
1.08149
1.08421
1.07701
1.0754
1.06829
1.07912
1.07352
1.07528
1.08057
1.06778
1.07308
1.07473
1.07758
1.0109
1.07431
1.08269
1.07112
1.05377
1.06598
1.07439
1.07351
1.07532
1.06825
1.07154
1.08093
1.05282
1.08836
1.04008
1.04415
1.08185
1.07206
1.06818
1.07663
1.07449
1.09408
1.07447
1.07346
1.07694
1.07247
1.07554
1.0769
1.07771
1.09459
1.08336
1.08965
1.07755
1.07906
1.10192
1.14942
1.14895
1.16906
1.13835
1.10879
1.13194
1.1376
1.11381
1.136
1.12425
1.06655
1.06717
1.08152
1.09787
1.10468
1.03259
1.09317
1.09119
1.08097
1.08262
1.08282
1.0818
1.032
1.07342
1.0765
1.08428
1.07931
1.08214
1.07378
