55.1454
55.2107
54.9548
54.9876
55.2565
55.5912
55.5399
54.8663
54.7409
55.422
54.9639
55.358
55.2175
54.7869
54.5808
54.7567
55.0254
53.7284
54.7751
54.0548
54.4091
54.0324
54.212
54.5297
54.5214
54.1198
54.8972
55.0902
55.6766
55.0408
54.8759
53.7191
55.3577
54.9706
53.7821
55.2947
54.6029
54.2984
54.005
54.861
55.1464
53.9663
53.96
54.2937
54.9655
54.0954
54.4363
54.4084
53.682
54.2637
54.0382
54.7326
53.7801
54.3214
53.4568
53.8836
53.9236
55.2122
54.3593
54.847
55.0323
53.0762
55.1238
54.3868
54.3381
53.1517
55.1219
55.3326
55.022
54.4366
54.2607
54.8238
54.3391
54.7327
54.0704
54.2343
54.1056
55.3388
54.2045
54.5359
53.8289
54.3675
54.1544
54.9567
54.4133
54.4977
53.9926
54.5368
54.5512
54.8594
54.0128
54.2871
54.5028
54.7266
54.5637
55.0064
55.2048
53.8966
54.4947
55.019
