0.112595
0.10777
0.108519
0.098401
0.099218
0.0970059
0.0953519
0.0985972
0.0959223
0.108962
0.107236
0.107917
0.105773
0.106725
0.0956069
0.10557
0.107037
0.108363
0.107107
0.107115
0.107493
0.107917
0.105939
0.105466
0.111023
0.10593
0.107243
0.106405
0.106238
0.107557
0.105612
0.107747
0.107153
0.108353
0.105409
0.106386
0.100703
0.112542
0.105443
0.11228
0.10697
0.101616
0.105587
0.107081
0.106506
0.10742
0.122367
0.1055
0.105679
0.105677
0.109281
0.108717
0.106736
0.105355
0.114282
0.110214
0.107148
0.106102
0.106156
0.100033
0.0971073
0.117563
0.102556
0.113726
0.104771
0.105067
0.106723
0.106903
0.106267
0.0999083
0.105856
0.0986402
0.0958093
0.108288
0.105896
0.105924
0.105854
0.105681
0.105218
0.106766
0.105087
0.107785
0.106702
0.106029
0.106903
0.10588
0.107317
0.1069
0.105546
0.11052
0.107127
0.106989
0.106323
0.106054
0.107702
0.106713
0.107284
0.115024
0.107241
0.106247
