0.473726
0.464322
0.453991
0.435236
0.461198
0.43616
0.452822
0.45845
0.459771
0.469658
0.462821
0.456577
0.457148
0.454208
0.475751
0.461869
0.461222
0.487473
0.449985
0.438604
0.450425
0.46126
0.451034
0.44982
0.44494
0.449591
0.44452
0.450134
0.441507
0.443743
0.447158
0.440293
0.452377
0.464672
0.45995
0.467927
0.440488
0.445845
0.460194
0.442893
0.435467
0.458176
0.464584
0.466905
0.475933
0.458676
0.467091
0.451557
0.460422
0.455519
0.448664
0.450658
0.444584
0.434692
0.457015
0.447726
0.458049
0.457768
0.471052
0.482317
0.463425
0.444788
0.465883
0.471327
0.466754
0.470253
0.442796
0.442637
0.455089
0.466309
0.475831
0.446531
0.433804
0.432007
0.442018
0.466459
0.464997
0.421307
0.472602
0.452858
0.436891
0.451716
0.43594
0.429137
0.440678
0.443877
0.437488
0.451448
0.442704
0.44925
0.453925
0.453251
0.443838
0.458293
0.453687
0.471406
0.482596
0.466671
0.460058
0.470995
