0.0103832
0.012475
0.0111388
0.0117291
0.0125513
0.009534
0.0113221
0.009834
0.0095173
0.0095473
0.0108088
0.0106802
0.0110324
0.0107541
0.0103682
0.011881
0.0105572
0.0103103
0.0105074
0.0121345
0.0103991
0.0110949
0.0096212
0.0105219
0.0103004
0.0103789
0.0104306
0.0095097
0.01028
0.0104032
0.0104201
0.0104211
0.010131
0.0105275
0.0104601
0.0116179
0.0096323
0.0103572
0.0102624
0.0103512
0.0103474
0.0104035
0.0102394
0.0104512
0.0104367
0.0104739
0.0105519
0.0103916
0.0103311
0.0102567
0.0103524
0.0101947
0.0103877
0.01014
0.0116871
0.0104424
0.0102696
0.0110123
0.0118649
0.0104189
0.0104016
0.0106274
0.0103291
0.0104566
0.0103424
0.0101087
0.0105345
0.0103911
0.0105393
0.010305
0.0100944
0.0105898
0.0104039
0.0103794
0.0107521
0.0103782
0.0105523
0.010231
0.0105764
0.0103339
0.0102497
0.0106201
0.0103526
0.0104414
0.0107163
0.0101673
0.0102223
0.0106782
0.0104
0.0102827
0.0102557
0.0103513
0.0100891
0.0096192
0.0101281
0.0103119
0.0103168
0.0103138
0.010331
0.0101736
