0.730488
1.10297
0.979748
0.910584
1.00493
0.994493
1.16579
1.19714
0.986357
1.21551
1.19232
1.07112
1.02995
1.10073
1.01032
1.19017
1.04226
0.940709
0.95824
0.997162
1.1536
1.13293
0.956928
0.98637
0.984086
1.20305
1.06707
0.959575
1.04584
0.874462
0.970732
1.04705
1.03896
0.844419
1.14763
1.03487
1.0441
1.22038
0.930094
1.01571
1.06643
1.06806
1.02992
1.03149
1.04802
1.04316
1.233
1.07496
0.946785
0.978118
1.12126
1.04191
0.944119
1.132
1.00099
1.04713
1.17834
1.0566
1.051
1.17249
0.929529
1.08579
1.11151
1.01493
0.909314
1.05147
0.984389
1.02413
1.18592
0.967976
1.03768
0.983425
0.924086
1.14472
1.14516
1.11829
1.039
0.973541
1.01985
0.990908
1.03335
1.03285
1.01397
1.01118
1.18526
1.21201
1.15878
0.973134
0.948914
1.03678
1.04274
1.00158
0.976186
1.03393
0.965492
1.03977
1.06141
0.966998
1.1376
1.03215
