1.23315
1.17635
1.1876
1.21722
1.22625
1.23007
1.21988
1.10071
1.15663
1.18927
1.14954
1.18674
1.11181
1.14748
1.23952
1.14859
1.15231
1.16858
1.07483
1.15726
1.03931
1.03603
1.02408
1.00004
1.07877
1.13848
1.13815
1.24258
1.16487
1.12235
1.19015
1.17578
1.21977
1.23221
1.18802
1.14888
1.17576
1.1148
1.21158
1.1331
1.16539
1.11556
1.14361
1.18266
1.18549
1.19587
1.23762
1.1138
1.12185
1.24651
1.24358
1.1546
1.15959
1.13803
1.14141
1.21086
1.07824
1.07362
1.10945
1.16451
1.17812
1.09801
1.13475
1.17248
1.15265
1.19918
1.1102
1.01933
1.17192
1.06352
1.21538
1.24261
1.24138
1.12145
1.14448
1.25381
1.11523
1.20088
1.13946
1.19345
1.178
1.17161
1.10105
1.20026
1.14347
1.11846
1.16922
1.15868
1.14157
1.26741
1.14292
1.22036
1.15054
1.11803
1.15989
1.13775
1.1411
1.0924
1.13814
1.13349
