1.15464
1.20927
1.31312
1.22074
1.15299
1.24864
1.25326
1.18835
1.19174
1.25095
1.27325
1.18158
1.17234
1.19733
1.11713
1.182
1.22231
1.16297
1.29971
1.29762
1.14297
1.31177
1.27825
1.26434
1.2758
1.22938
1.20617
1.05651
1.15884
1.19072
1.21545
1.26856
1.20592
1.23887
1.26207
1.20529
1.26184
1.25456
1.21907
1.24827
1.2621
1.24279
1.24906
1.04986
1.30572
1.30071
1.19794
1.21658
1.15901
1.31374
1.21906
1.12235
1.0808
1.12007
1.13099
1.02801
1.05955
1.09154
1.17592
1.09318
1.16302
1.27862
1.22539
1.01538
1.16181
1.09797
1.23236
1.17099
1.21254
1.23493
1.15037
1.17121
1.11845
1.1051
1.17448
1.1362
1.23319
1.23828
1.30034
1.22503
1.16303
1.21535
1.20971
1.16102
1.05521
1.06661
1.1777
1.11921
1.10191
1.14895
1.15386
1.03425
1.04308
1.07565
1.13759
1.19482
1.05783
1.07386
1.01739
1.13792
