1.12157
1.20269
1.19892
1.21431
1.24819
1.21546
1.21177
1.2169
1.22176
1.20008
1.16427
1.21488
1.20616
1.16054
1.22641
1.22547
1.22239
1.22554
1.20426
1.26674
1.24545
1.19202
1.16151
1.23887
1.21398
1.21729
1.22446
1.21073
1.22352
1.22524
1.2008
1.22424
1.37337
1.32452
1.23216
1.21167
1.19352
1.22969
1.19908
1.19965
1.15872
1.19529
1.24865
1.18914
1.24607
1.29152
1.19858
1.13122
1.31021
1.2025
1.58635
1.23208
1.21672
1.2669
1.24555
1.25434
1.16616
1.10144
1.18282
1.17813
1.20402
1.24631
1.21459
1.22298
1.19369
1.17038
1.27331
1.21737
1.19846
1.21827
1.22918
1.15085
1.20487
1.1995
1.20442
1.18697
1.20358
1.18955
1.20876
1.20736
1.21724
1.21675
1.21225
1.2267
1.18968
1.20725
1.19991
1.21701
1.22211
1.20985
1.19203
1.1958
1.20238
1.21168
1.181
1.20084
1.22607
1.20432
1.21031
1.20715
