0.842327
0.922096
0.919854
0.883482
0.902414
0.898422
0.825672
0.931499
0.918131
0.890649
0.856956
0.937599
0.940703
0.847042
0.940143
0.916929
0.928
0.927164
0.927564
0.926567
0.807394
0.922323
0.922288
0.975371
1.38292
1.1939
1.08918
0.997779
0.96377
0.954263
0.908574
0.942499
0.949091
0.947123
1.01407
0.892048
0.982305
0.984359
0.906452
0.95071
0.921055
0.966147
1.01631
0.928473
0.948428
0.942488
0.955242
0.95809
0.992747
0.940563
0.909867
0.948196
1.03542
0.967459
0.969629
0.93371
0.901509
0.898927
0.881843
0.912943
0.930765
0.897581
0.935767
0.942094
0.936194
0.922875
0.951997
0.963025
0.981115
0.934657
0.960743
0.919956
0.935834
0.959304
0.891402
0.946586
0.945404
0.964513
0.903292
0.946982
0.884956
0.927204
0.894357
0.857221
0.902838
0.925703
0.86695
0.933063
0.884413
0.923574
0.820044
0.860033
0.900524
0.88432
0.889672
0.898935
0.907057
0.933427
0.912373
0.894236
