1.29262
1.27748
1.16997
1.00634
1.1477
1.04924
1.0481
1.18972
1.23588
1.34231
1.36752
1.31889
1.26317
1.20116
1.20335
1.25225
1.20802
0.980356
1.15385
1.23056
1.22069
1.11568
1.17828
1.11554
1.16319
1.11723
0.913523
1.15603
1.18567
1.20987
1.15924
1.28341
1.2253
1.25755
1.32968
1.25682
1.23126
1.28286
1.31247
1.32409
1.17651
1.27504
1.24205
1.24273
1.33004
1.20183
1.20548
1.22562
1.27992
1.30333
1.1633
1.25429
1.18335
1.27607
1.311
1.33254
1.28593
1.25433
1.26517
1.44724
1.29846
1.33327
1.29517
1.2464
1.18585
1.27242
1.1204
1.24059
1.29391
1.10698
1.25716
1.11723
1.32693
1.15548
1.29077
1.28074
1.21292
1.24836
1.26592
1.17285
1.23479
1.31424
1.42506
1.29555
1.32574
1.22785
1.36108
1.21881
1.18292
1.0449
1.08467
1.09919
1.22733
1.1911
1.15446
1.24258
1.2576
1.21228
1.22417
1.23957
