0.896179
0.877227
0.833552
0.821213
0.878622
0.903962
0.858023
0.90063
0.84675
0.89817
0.890028
0.861345
0.853604
0.889323
0.836888
0.843647
0.867361
0.913836
0.870726
0.786982
0.81399
0.707628
0.779026
0.771434
0.853155
0.688015
0.851054
0.804544
0.894481
0.893132
0.877498
0.724956
0.858663
0.894192
0.870059
0.9031
0.875562
0.920254
0.779845
0.82556
0.894518
0.87606
0.811548
0.881864
0.84803
0.913262
0.843028
0.855344
0.785882
0.883264
0.908526
0.901231
0.817471
0.870725
0.804633
0.83274
0.763143
0.819497
0.780831
0.841653
0.880964
0.827771
0.805775
0.884262
0.87035
0.856155
0.890975
0.919225
0.882441
0.919732
0.852979
0.81063
0.709312
0.873109
0.866433
0.835928
0.888362
0.826172
0.881365
0.865317
0.88662
0.75794
0.850414
0.867913
0.831536
0.825
0.882968
0.876442
0.818066
0.853228
0.874299
0.886604
0.891647
0.874443
0.802756
0.873757
0.8764
0.871761
0.855537
0.788555
