1.00908
1.06044
1.03336
1.00875
0.921747
1.07672
0.985926
0.919343
0.956044
1.03504
1.05401
0.955288
0.989787
0.978495
0.984104
1.01286
1.05028
0.964614
0.992187
0.924549
1.03889
1.04076
0.962695
1.05448
0.9281
0.870561
0.950908
0.909998
0.951159
0.923398
0.876509
1.00069
0.980882
1.00553
0.954466
0.960272
0.980871
0.909451
0.923595
1.00065
1.02436
1.0344
0.937936
0.915462
0.957128
0.999238
0.947444
1.00407
0.952839
0.910105
0.919938
0.917378
0.797452
0.892074
0.98798
0.967054
1.0873
0.945099
0.943881
0.892869
0.962902
1.02419
1.04387
0.898387
0.92122
0.957203
1.00296
0.995482
0.957548
1.03146
0.959842
1.04929
1.00698
0.949065
0.924227
1.0207
1.04762
0.977613
1.03748
0.894343
0.846851
1.02894
0.983011
1.02774
1.05181
0.971936
0.928669
0.988451
0.841015
0.972798
0.888009
1.03041
0.896599
0.920869
0.996974
1.01616
1.00069
0.972633
1.01288
0.730404
