28.0482
28.1531
27.5678
27.4006
27.8686
27.4838
27.4751
28.2035
27.829
28.1713
28.03
28.3049
27.8411
28.2466
27.8972
27.72
27.8745
27.9914
29.4069
28.1685
27.8931
27.8104
28.1659
27.8746
29.0486
27.777
27.8701
28.4822
28.6811
28.1716
28.3238
28.1236
28.7823
27.964
28.2548
28.2981
27.4105
27.9085
29.6758
27.8519
28.2623
27.3182
27.8317
27.8661
28.1059
28.0342
28.5074
27.9367
28.2419
28.0377
27.8933
28.1947
28.2403
28.3961
29.4726
27.535
28.3306
29.0129
29.9405
29.93
28.5279
27.9376
28.1101
29.2779
28.0993
27.0279
28.8284
28.3667
28.3192
28.1412
28.614
28.2586
28.2938
27.583
27.6296
27.772
27.9343
28.1083
27.6004
27.8475
29.12
27.8161
27.6577
28.5935
28.2498
28.0525
28.578
27.2833
28.1808
28.109
27.9624
28.1116
28.3341
28.1125
28.0141
28.0626
28.3324
27.9473
28.191
28.378
