18.8626
18.7818
18.5692
18.8808
18.8879
18.6138
18.9032
19.134
18.9717
18.8333
18.6413
18.7435
18.6448
18.7168
18.8825
18.7264
18.6193
18.7765
18.7333
18.7094
18.6468
18.9159
18.9987
18.9628
19.108
18.7508
18.7416
18.6038
18.6073
18.4932
18.9607
18.7825
18.6599
18.7614
19.4861
18.6744
18.6776
18.9003
18.7321
18.9433
19.5896
19.197
18.6519
18.6966
18.6216
18.7957
18.9095
19.0129
18.786
18.8347
18.6772
19.0217
19.1478
18.663
19.0266
18.7617
18.6139
18.8489
18.6258
18.5111
18.9521
18.4605
18.7254
18.7039
18.6817
18.8807
18.9133
19.109
18.7533
18.3308
18.8417
18.6693
18.7234
18.5359
18.6099
18.6685
18.5981
18.7453
18.8717
18.6176
18.6941
18.7799
18.8561
18.6645
18.8526
19.0497
19.0804
18.9054
18.9027
18.855
18.4981
18.3651
18.7784
18.9157
18.5241
18.4123
18.9953
18.4848
18.6314
18.5431
