11.4538
11.493
11.3801
11.3173
11.4849
11.3778
11.2889
11.3772
11.3183
11.2531
11.2793
11.3804
11.2411
11.4392
11.4423
11.3271
11.3386
11.5459
11.4013
11.5588
11.3877
11.3984
11.4004
11.3668
11.2507
11.4257
11.3675
11.3826
11.6829
11.514
11.3044
11.2761
11.4896
11.2854
11.325
11.3121
11.3713
11.4356
11.4889
11.405
11.5165
11.4667
11.4218
11.3934
11.5329
11.478
11.3559
11.3711
11.1877
11.5168
11.2898
11.3856
11.3375
11.3167
11.3451
11.415
11.251
11.2666
11.2938
11.4206
11.5069
11.338
11.3472
11.4349
11.1949
11.4069
11.5237
11.32
11.2919
11.3875
11.2427
11.3765
11.3786
11.3855
11.3389
11.384
11.4719
11.3309
11.3522
11.3215
11.4702
11.3125
11.2561
11.303
11.3406
11.3841
11.2863
11.4123
11.3178
11.3802
11.4196
11.613
11.5247
11.4857
11.5662
11.3476
11.2677
11.3557
11.332
11.3502
