9.60613
9.61346
9.54922
9.69813
9.55652
9.57752
9.60337
9.46627
9.49738
9.57262
9.46621
9.54198
9.44664
9.74059
9.55
9.56116
9.52138
9.50882
9.63385
9.64041
9.52362
9.57086
9.70969
9.54016
9.5476
9.5171
9.50556
9.44951
9.51005
9.52127
9.50505
9.65722
9.59392
9.62992
9.65423
9.54375
9.63544
9.50506
9.73144
9.53474
9.7654
9.62263
9.47335
9.59159
9.54668
9.60218
9.60562
9.62973
9.51847
9.62015
9.42507
9.40409
9.65157
9.63894
9.68979
9.48307
9.58248
9.55907
9.48255
9.69287
9.62483
9.47535
9.54748
9.65725
9.50193
9.56941
9.55178
9.54149
9.5465
9.47651
9.68228
9.55585
9.57188
9.54204
9.50587
9.67058
9.58843
9.74618
9.49809
9.5179
9.67141
9.57191
9.60578
9.55177
9.56938
9.68156
9.62497
9.57363
9.57968
9.58633
9.53557
9.41366
9.48571
9.64863
9.52032
9.5904
9.60357
9.52146
9.58829
9.48485
