14.1844
14.0931
14.1757
14.2746
14.2217
14.3389
14.5627
14.2335
14.1546
14.217
14.1813
13.9253
13.8233
14.1147
14.1715
14.2673
13.8009
14.4838
14.2443
13.9267
14.1289
14.3076
13.8534
13.8523
14.1595
14.2156
14.1698
14.0747
14.008
14.144
14.2195
14.3261
14.2921
14.0308
14.2821
14.2816
14.1432
14.2666
14.2179
14.3802
14.2344
14.1288
14.2504
14.3854
14.1346
14.1684
14.1134
14.1902
14.1297
14.0064
14.0208
13.9935
14.2842
13.9871
14.3138
14.6307
14.4555
14.2447
14.2158
15.0165
14.2026
14.2255
14.3854
14.0491
13.9955
14.3796
14.5251
14.2826
14.4353
14.058
14.0419
14.1229
14.1419
14.2317
14.1866
14.0158
14.3841
14.1678
14.1621
14.1779
13.9954
14.4392
14.062
14.5624
14.1581
14.1944
13.9357
13.9739
14.3756
14.2086
14.4777
14.0558
14.4027
14.3142
13.9411
13.9471
14.1384
14.165
13.9659
14.2208
