53.9187
53.5887
54.678
54.5627
55.1406
55.0856
54.9369
54.1448
54.6776
54.8435
54.4833
54.6452
54.8805
54.6627
54.804
54.247
54.9272
54.9487
54.3834
55.0314
55.0627
54.9132
54.1118
54.2333
54.3073
54.5544
54.1801
54.6568
54.7219
53.9137
54.5294
54.3246
54.8443
54.7586
54.959
54.4852
54.4486
53.9991
54.078
54.5991
54.7163
54.6368
55.0157
54.5683
54.4223
53.7111
54.683
54.6521
54.06
53.7631
54.6042
54.6283
54.6105
54.1807
54.7187
54.7874
54.4046
54.9668
54.5085
53.9715
55.1801
54.8499
54.5622
54.4166
54.0826
54.2516
54.1268
54.0983
54.7319
54.374
54.5826
54.2317
54.9982
54.7856
54.558
54.0799
54.2638
54.3254
53.5569
53.4939
54.1695
54.3477
53.5571
54.4647
54.9202
54.461
54.8921
54.4494
54.9409
54.217
54.4383
54.8887
54.7585
54.8004
54.4035
54.6312
54.0405
54.1165
54.6241
54.5239
