8.22038
8.28407
8.26892
8.40739
8.21855
8.3097
8.26477
8.25973
8.22555
8.23232
8.34026
8.25559
8.20712
8.21456
8.23637
8.23576
8.38166
8.34572
8.53973
8.37474
8.29846
8.2499
8.30352
8.33803
8.30466
8.37304
8.36048
8.19385
8.39063
8.22745
8.20743
8.12122
8.18646
8.29834
8.31092
8.149
8.35293
8.24342
8.33595
8.33462
8.22604
8.36875
8.31933
8.22756
8.21533
8.20704
8.19678
8.22946
8.09929
8.29401
8.14057
8.19284
8.28789
8.31949
8.12931
8.30079
8.3257
8.20578
8.17418
8.14752
8.23171
8.22139
8.37197
8.20231
8.22012
8.18715
8.17199
8.18823
8.30084
8.2914
8.32278
8.2729
8.28418
8.23386
8.21234
8.35421
8.42122
8.30144
8.34399
8.3584
8.17474
8.22447
8.23881
8.33861
8.30738
8.20117
8.32353
8.31088
8.31188
8.22536
8.271
8.39297
8.43112
8.3436
8.27728
8.27556
8.41025
8.36336
8.29174
9.57673
