8.44002
7.35955
7.33737
7.30005
7.34571
7.23008
7.38192
7.52214
7.97142
7.77541
7.81789
7.79787
7.84798
7.77605
7.88199
8.16843
7.25096
7.19454
7.23957
7.27232
7.25859
7.41717
7.35203
7.30989
7.37903
7.41692
7.1988
7.13047
7.32662
7.57948
7.37721
7.28471
7.30296
7.2806
7.28889
7.28066
7.29332
7.37976
7.33629
7.28243
7.2469
7.36707
7.33332
7.3161
7.31824
7.34949
7.33918
7.51764
7.28623
7.49681
7.29174
7.29643
7.39075
7.28866
7.37311
7.30574
7.34027
7.26873
7.27405
7.27388
7.30242
7.30034
7.37474
7.39027
7.29359
7.24917
7.33347
7.40561
7.26755
7.46685
7.73918
7.30008
7.33274
7.44004
7.71577
7.28758
7.32052
7.33848
7.36996
7.40234
7.50091
7.50135
7.28793
7.36205
7.25478
7.35364
7.31001
7.32495
7.28628
7.41018
7.31226
7.2584
7.21962
7.23956
7.26962
7.20671
7.47245
7.24327
7.31637
7.35933
