0.0949557
0.125098
0.105685
0.106525
0.152277
0.149122
0.135025
0.100274
0.0960992
0.0944682
0.0971795
0.139358
0.104715
0.116348
0.108656
0.0946284
0.0926606
0.0908289
0.130887
0.161499
0.142415
0.129648
0.105444
0.125608
0.152069
0.197889
0.13
0.145527
0.17963
0.116974
0.131005
0.152448
0.124465
0.132614
0.157329
0.172186
0.143142
0.127319
0.152853
0.158586
0.133665
0.102069
0.102458
0.117433
0.11944
0.107488
0.105383
0.100094
0.0948444
0.105808
0.0980262
0.102558
0.115118
0.103206
0.114342
0.157995
0.148676
0.108232
0.103645
0.104522
0.159119
0.146834
0.154551
0.173023
0.113843
0.117397
0.13648
0.103538
0.104728
0.120848
0.100493
0.092707
0.117701
0.105584
0.091949
0.0968661
0.10632
0.111741
0.121583
0.104303
0.106498
0.104098
0.094622
0.0983692
0.0974022
0.0944524
0.107755
0.108976
0.10126
0.0979967
0.111728
0.103592
0.0985758
0.0982074
0.112009
0.105624
0.104603
0.109489
0.102072
0.0945
