0.0889685
0.113006
0.0889878
0.0925421
0.0923899
0.0972206
0.113064
0.100641
0.103451
0.106211
0.094165
0.102261
0.114533
0.0973271
0.087685
0.102282
0.0933663
0.098707
0.0923268
0.105837
0.10981
0.0864222
0.0842018
0.0890775
0.0999985
0.0957776
0.0895512
0.0862491
0.0912857
0.10621
0.119852
0.111159
0.0933967
0.100547
0.0943484
0.103136
0.102342
0.104841
0.0874483
0.0929852
0.103438
0.089926
0.091001
0.113392
0.1005
0.118184
0.119904
0.0888969
0.0884428
0.0921921
0.096037
0.118487
0.10482
0.102409
0.0858789
0.0889408
0.0962721
0.0975877
0.0905559
0.107215
0.122472
0.115054
0.103338
0.0964492
0.118186
0.0924674
0.0982655
0.0941518
0.111212
0.0979766
0.0914947
0.091439
0.104635
0.0903075
0.0954434
0.098072
0.0943486
0.0933057
0.096558
0.0878306
0.0896865
0.0891053
0.0851541
0.0958389
0.094317
0.0845033
0.0927596
0.10104
0.108534
0.0907395
0.0908621
0.0881766
0.0891815
0.0922879
0.101207
0.0847461
0.0732113
0.0828677
0.0851641
0.0831961
