0.183873
0.190989
0.182802
0.181631
0.189329
0.185348
0.183198
0.187289
0.181195
0.189612
0.184665
0.176394
0.190036
0.182993
0.179764
0.18197
0.185768
0.186935
0.188913
0.181754
0.182362
0.189006
0.190419
0.184554
0.190995
0.186716
0.184319
0.19121
0.191859
0.191616
0.185598
0.185441
0.188831
0.185449
0.179933
0.181069
0.180131
0.177806
0.185186
0.19358
0.180357
0.187078
0.183193
0.187162
0.175478
0.181886
0.178642
0.179984
0.174556
0.189221
0.183411
0.185407
0.185999
0.197331
0.180464
0.188475
0.18347
0.185419
0.179539
0.197659
0.184194
0.184995
0.18369
0.193643
0.190296
0.194528
0.180563
0.188746
0.176914
0.1811
0.184798
0.190651
0.183313
0.185447
0.184335
0.183663
0.184488
0.181088
0.176929
0.185603
0.201579
0.187224
0.253481
0.212585
0.18663
0.186479
0.18748
0.188267
0.194138
0.193802
0.189248
0.184759
0.206979
0.194872
0.190467
0.18273
0.183108
0.183962
0.18463
0.182105
