0.284335
0.283049
0.276356
0.27417
0.270547
0.270716
0.262426
0.288647
0.288097
0.265402
0.274871
0.272684
0.273775
0.274736
0.265553
0.273607
0.271605
0.266299
0.276465
0.267999
0.279962
0.291005
0.291102
0.282245
0.277584
0.276826
0.259033
0.271659
0.273705
0.264268
0.256395
0.282723
0.282085
0.266938
0.272637
0.266825
0.279282
0.276945
0.255419
0.285614
0.266745
0.275194
0.272934
0.270954
0.265551
0.271785
0.267605
0.25285
0.266745
0.277137
0.265884
0.280385
0.277442
0.269737
0.274
0.272413
0.264261
0.267887
0.265569
0.256521
0.266546
0.278569
0.277072
0.270915
0.273439
0.269764
0.272674
0.266423
0.26331
0.262133
0.266984
0.272326
0.272613
0.261227
0.272069
0.254684
0.266676
0.259833
0.27588
0.259901
0.271496
0.253176
0.278026
0.265999
0.267566
0.272025
0.269729
0.254361
0.274615
0.282715
0.263091
0.263065
0.277597
0.271338
0.271155
0.271695
0.272237
0.257454
0.273489
0.261878
