0.111003
0.114827
0.115346
0.110073
0.111121
0.107101
0.113476
0.109808
0.112073
0.107318
0.10949
0.109887
0.109553
0.111022
0.114682
0.117147
0.109931
0.107924
0.112099
0.110879
0.111936
0.109111
0.112094
0.109861
0.110749
0.106834
0.106979
0.108997
0.107741
0.111873
0.113004
0.111371
0.115261
0.108151
0.109109
0.111315
0.104894
0.110147
0.111503
0.112203
0.108175
0.110277
0.109797
0.111619
0.113225
0.111997
0.113716
0.109481
0.111314
0.112008
0.108789
0.110773
0.110563
0.111386
0.110985
0.110657
0.111697
0.111881
0.112838
0.113776
0.108479
0.111357
0.111494
0.107842
0.113298
0.112801
0.11248
0.10969
0.114765
0.114771
0.111583
0.106092
0.115501
0.110635
0.11426
0.111694
0.110667
0.110338
0.110174
0.107315
0.109049
0.108902
0.110268
0.112403
0.113745
0.107385
0.111243
0.109813
0.107936
0.110437
0.111854
0.109742
0.141405
0.121769
0.122328
0.114277
0.111889
0.113042
0.118885
0.11154
