0.140939
0.141236
0.147829
0.142502
0.135422
0.136795
0.142972
0.144062
0.143572
0.135278
0.13945
0.145112
0.139505
0.14437
0.14263
0.144179
0.133829
0.136259
0.144957
0.139686
0.135397
0.132967
0.134007
0.139808
0.143296
0.154083
0.137197
0.144095
0.141675
0.143443
0.147009
0.141884
0.137636
0.145925
0.145674
0.142433
0.14353
0.136295
0.129946
0.132419
0.135956
0.131695
0.137625
0.135248
0.136429
0.136441
0.138
0.136248
0.136059
0.144944
0.135374
0.133584
0.138835
0.134136
0.135708
0.133354
0.135712
0.13066
0.137283
0.136634
0.131334
0.132961
0.139822
0.13666
0.136295
0.129464
0.133792
0.134631
0.132804
0.136817
0.14175
0.133319
0.132927
0.132019
0.132125
0.134168
0.131624
0.137274
0.136507
0.152807
0.142951
0.136986
0.135845
0.13547
0.137163
0.132631
0.138211
0.135625
0.135131
0.133502
0.144971
0.137145
0.136374
0.135223
0.129801
0.137135
0.136221
0.138071
0.137352
0.131626
