0.0962957
0.091007
0.0882526
0.0856216
0.117525
0.114307
0.103027
0.0865115
0.0941226
0.096767
0.101546
0.102405
0.0869297
0.0980436
0.11734
0.126362
0.104799
0.119702
0.105285
0.113524
0.118849
0.0926894
0.0906605
0.100496
0.084938
0.0842765
0.0886336
0.0934852
0.126536
0.10429
0.0922113
0.109365
0.105627
0.0932158
0.0938762
0.0883851
0.0889929
0.0878009
0.0909305
0.112823
0.125986
0.137139
0.121033
0.109039
0.118768
0.115027
0.135294
0.0997196
0.0959252
0.093526
0.102951
0.102269
0.0914465
0.0908802
0.089596
0.0858789
0.0923743
0.0964348
0.0964297
0.0886704
0.0892758
0.101998
0.0924103
0.103213
0.101589
0.0987506
0.0890949
0.0883277
0.0922587
0.103791
0.101109
0.095249
0.102017
0.0993668
0.0926501
0.0877671
0.102745
0.102204
0.0938144
0.0919527
0.106044
0.0965617
0.0913959
0.0850981
0.0877278
0.108468
0.0883988
0.0889368
0.0845682
0.0846985
0.0877714
0.100775
0.0903429
0.0881452
0.0884421
0.0918231
0.0954138
0.0925254
0.0927637
0.0867541
