0.512841
0.502041
0.511409
0.51715
0.507668
0.505968
0.512854
0.541317
0.53101
0.51217
0.525808
0.52824
0.540387
0.5144
0.499291
0.49402
0.485114
0.47228
0.49288
0.543957
0.501091
0.54555
0.496646
0.511706
0.486663
0.509052
0.507276
0.529941
0.526765
0.514205
0.499705
0.529976
0.516443
0.527524
0.502837
0.509345
0.561668
0.496207
0.531117
0.503233
0.520466
0.530628
0.501484
0.50076
0.497649
0.501953
0.488967
0.516875
0.538218
0.538616
0.561455
0.535554
0.528725
0.541268
0.533059
0.506677
0.537799
0.529864
0.500821
0.512271
0.506678
0.508104
0.492562
0.482765
0.47318
0.500393
0.507138
0.496035
0.50079
0.497183
0.486541
0.480651
0.483492
0.496664
0.502931
0.519005
0.509418
0.524232
0.510142
0.499133
0.525828
0.52185
0.490358
0.502281
0.502783
0.493355
0.506185
0.502056
0.521827
0.516984
0.515835
0.501863
0.518868
0.522992
0.517567
0.513734
0.506653
0.505389
0.526304
0.505393
