0.164952
0.193918
0.151714
0.127717
0.15924
0.20162
0.152183
0.163486
0.199912
0.214133
0.16486
0.197952
0.180128
0.175874
0.197324
0.163027
0.210449
0.194163
0.170187
0.21206
0.150608
0.158531
0.196229
0.142098
0.179686
0.133131
0.193247
0.191196
0.198317
0.17223
0.191249
0.195185
0.177682
0.176273
0.199479
0.168888
0.186151
0.123715
0.194756
0.14842
0.18948
0.176532
0.191463
0.163883
0.154657
0.159686
0.194942
0.199618
0.173368
0.204849
0.145932
0.207252
0.176005
0.195451
0.180398
0.156753
0.194934
0.18727
0.173636
0.158792
0.163127
0.201706
0.159417
0.165506
0.167685
0.174621
0.199252
0.191081
0.149779
0.216295
0.169201
0.198139
0.195943
0.186795
0.198784
0.165852
0.154815
0.158174
0.152903
0.173214
0.176627
0.143896
0.182926
0.150638
0.18024
0.133854
0.184051
0.152206
0.204727
0.171121
0.184696
0.192863
0.210004
0.196649
0.200595
0.193041
0.177114
0.153825
0.203853
0.180523
