0.194669
0.191481
0.185621
0.171908
0.176928
0.185056
0.180227
0.173568
0.212042
0.208512
0.159474
0.169631
0.174912
0.194041
0.136609
0.212652
0.169083
0.173203
0.197129
0.197671
0.148092
0.144986
0.198431
0.173055
0.18214
0.137358
0.172291
0.184249
0.12598
0.182274
0.190128
0.187392
0.169363
0.15377
0.147686
0.195263
0.168982
0.173255
0.13295
0.18008
0.187431
0.189216
0.172023
0.154114
0.1947
0.14744
0.170778
0.147572
0.18955
0.169087
0.20714
0.187868
0.223496
0.141859
0.203181
0.204674
0.216859
0.185332
0.20477
0.195672
0.184113
0.19899
0.146663
0.178184
0.200818
0.190952
0.18224
0.171149
0.186024
0.200281
0.170812
0.212284
0.162657
0.166571
0.215495
0.199358
0.16973
0.125182
0.178734
0.192339
0.192415
0.20744
0.196057
0.185846
0.176671
0.19889
0.190545
0.17137
0.193044
0.197929
0.193004
0.188124
0.188128
0.191048
0.16187
0.176439
0.130758
0.16612
0.198788
0.200325
