0.209514
0.193675
0.170916
0.177065
0.216811
0.19699
0.187455
0.199918
0.198475
0.188808
0.151164
0.171649
0.174114
0.190485
0.174887
0.136471
0.155385
0.183494
0.173579
0.201542
0.191079
0.195793
0.186145
0.194576
0.202954
0.176005
0.202322
0.174253
0.199173
0.176275
0.203059
0.196824
0.191953
0.2143
0.204944
0.133835
0.181839
0.140884
0.187667
0.200106
0.15082
0.196926
0.176816
0.22343
0.202927
0.154345
0.197156
0.146991
0.164393
0.208002
0.200623
0.227033
0.171986
0.202968
0.192007
0.210435
0.189425
0.184719
0.201498
0.197761
0.19932
0.189144
0.197084
0.205035
0.181089
0.189755
0.1781
0.193434
0.199633
0.21233
0.176666
0.199074
0.166663
0.132723
0.217454
0.179137
0.180757
0.138635
0.205745
0.19573
0.142142
0.194987
0.19491
0.158198
0.188444
0.194912
0.194325
0.188072
0.194915
0.164088
0.18854
0.192037
0.189951
0.193533
0.156897
0.183055
0.161083
0.195428
0.171184
0.199294
