0.258733
0.26102
0.239903
0.215094
0.204498
0.190655
0.196346
0.217473
0.248913
0.253467
0.204803
0.287221
0.301165
0.223554
0.270837
0.23297
0.277168
0.30883
0.232038
0.197089
0.225887
0.228255
0.233693
0.234317
0.200394
0.272233
0.192994
0.246951
0.222945
0.226266
0.207955
0.228859
0.234895
0.2016
0.187201
0.217373
0.197302
0.182387
0.255395
0.244404
0.188813
0.203699
0.206139
0.226877
0.233113
0.217925
0.219041
0.254679
0.216827
0.207731
0.226576
0.269967
0.206699
0.199854
0.206363
0.220313
0.29825
0.236925
0.233793
0.234863
0.200066
0.237463
0.236795
0.240111
0.293964
0.251013
0.240214
0.249364
0.205401
0.17994
0.177171
0.245971
0.214349
0.209904
0.218385
0.245846
0.208606
0.301485
0.198991
0.182935
0.2416
0.21753
0.249755
0.249044
0.220674
0.282187
0.19619
0.194124
0.254932
0.232841
0.263406
0.255339
0.221783
0.241823
0.238785
0.270538
0.231981
0.272012
0.250205
0.247355
