0.26242
0.346129
0.275347
0.320067
0.326422
0.274022
0.284847
0.259867
0.2803
0.257728
0.274782
0.284214
0.301816
0.333316
0.293252
0.269158
0.271894
0.263777
0.275454
0.258782
0.28832
0.314083
0.335238
0.288262
0.256518
0.277616
0.27649
0.313593
0.295579
0.277496
0.337864
0.310218
0.29708
0.27787
0.312187
0.348675
0.307948
0.300037
0.27244
0.334295
0.31734
0.291217
0.303716
0.30226
0.307741
0.285457
0.304189
0.330509
0.353305
0.35283
0.295605
0.299773
0.36644
0.308504
0.33663
0.298593
0.261483
0.337478
0.372308
0.376888
0.325226
0.331578
0.353105
0.319631
0.318176
0.327274
0.302547
0.408908
0.342534
0.287903
0.293001
0.318847
0.333263
0.291745
0.29212
0.304748
0.316598
0.367154
0.301968
0.325673
0.337544
0.318234
0.305376
0.315109
0.345993
0.310185
0.292416
0.332839
0.333224
0.292064
0.315534
0.272556
0.297386
0.317579
0.323468
0.329311
0.297871
0.311581
0.272952
0.331064
