0.208314
0.194316
0.167009
0.212186
0.201804
0.183931
0.179518
0.187366
0.193386
0.205776
0.248094
0.177465
0.197026
0.158301
0.214649
0.153183
0.179369
0.24939
0.251831
0.223752
0.208587
0.19951
0.18349
0.204058
0.20902
0.22788
0.220658
0.184018
0.238704
0.200007
0.193655
0.194444
0.200425
0.170514
0.198331
0.191047
0.227094
0.22755
0.222037
0.172009
0.168492
0.161288
0.208049
0.171241
0.212075
0.171416
0.223307
0.181195
0.170674
0.215079
0.166266
0.220829
0.18738
0.156201
0.188004
0.17536
0.207975
0.178687
0.269501
0.204468
0.171543
0.186013
0.171579
0.205181
0.167358
0.191875
0.207728
0.209138
0.176643
0.23477
0.192415
0.179667
0.165146
0.23479
0.20458
0.143873
0.192239
0.222991
0.216118
0.19215
0.198037
0.184747
0.22865
0.203672
0.190588
0.2065
0.183801
0.180431
0.159504
0.183622
0.202929
0.211354
0.206687
0.18246
0.151532
0.193056
0.189834
0.175532
0.157437
0.157218
