0.476735
0.490731
0.490066
0.486515
0.492197
0.493201
0.487633
0.497283
0.482951
0.48047
0.490959
0.491651
0.507317
0.475501
0.469192
0.471112
0.471744
0.472966
0.472683
0.485964
0.480854
0.477827
0.472162
0.479792
0.480308
0.483965
0.470201
0.475919
0.479898
0.472031
0.469572
0.471453
0.485274
0.464384
0.481727
0.482947
0.463395
0.467412
0.487701
0.468353
0.493832
0.480527
0.468467
0.477504
0.465264
0.481787
0.486584
0.478918
0.470424
0.472019
0.492578
0.489738
0.478718
0.482767
0.488762
0.47517
0.489687
0.466573
0.482356
0.47722
0.485587
0.476588
0.494059
0.49249
0.48316
0.482005
0.47976
0.472502
0.489427
0.488098
0.484875
0.473696
0.504722
0.47463
0.473292
0.469009
0.472604
0.4833
0.485066
0.49521
0.489524
0.506757
0.494888
0.485969
0.476726
0.463942
0.47443
0.483307
0.476421
0.477301
0.478107
0.501777
0.491108
0.493886
0.492416
0.482569
0.490571
0.48928
0.489414
0.480807
