0.188336
0.188177
0.169581
0.177026
0.171261
0.127416
0.189091
0.145545
0.155275
0.154023
0.211894
0.188464
0.190699
0.187378
0.207174
0.167847
0.188005
0.197513
0.20135
0.184577
0.162484
0.151771
0.152986
0.197427
0.220272
0.166519
0.152649
0.132968
0.163949
0.160297
0.185981
0.161926
0.168546
0.200148
0.154154
0.197411
0.194501
0.194767
0.202062
0.133666
0.196057
0.153137
0.185335
0.205908
0.203503
0.168724
0.19728
0.165239
0.213286
0.213801
0.193629
0.201405
0.201473
0.185534
0.146818
0.192779
0.197533
0.185146
0.210695
0.190646
0.144487
0.191508
0.163816
0.170414
0.190893
0.184706
0.199479
0.182206
0.178747
0.163682
0.161641
0.220449
0.209387
0.178168
0.186636
0.197227
0.181902
0.192184
0.204718
0.208631
0.189637
0.172828
0.186051
0.187135
0.185483
0.190304
0.181352
0.196175
0.181007
0.135237
0.162742
0.201676
0.19367
0.200668
0.201956
0.195705
0.150478
0.148306
0.168895
0.157736
