0.018423
0.0183896
0.0183607
0.0184007
0.0191148
0.0184776
0.0157006
0.0174698
0.0184519
0.01957
0.0153102
0.0194765
0.0181427
0.013773
0.0190426
0.0135473
0.0198643
0.01701
0.0187287
0.0185151
0.0152382
0.0180711
0.0192211
0.0182202
0.018754
0.0175758
0.0185792
0.0189314
0.0186855
0.0163639
0.0191979
0.0180816
0.0178493
0.015218
0.0182028
0.0192326
0.019094
0.0181009
0.01545
0.0188593
0.0186005
0.0176728
0.0143674
0.0195583
0.0153616
0.0181952
0.0185723
0.018204
0.0181137
0.0154693
0.0199412
0.0178278
0.0196403
0.0191159
0.0177205
0.0187243
0.0149586
0.0183055
0.0186975
0.0181928
0.0174673
0.0190688
0.0191182
0.0160445
0.0163661
0.0189096
0.0188294
0.0181681
0.0182999
0.0183223
0.0155477
0.0183988
0.0180358
0.0185487
0.0154887
0.0187978
0.0142111
0.0190451
0.0189617
0.0189235
0.0183659
0.0188652
0.0183864
0.0186443
0.0185663
0.0193553
0.0188803
0.0190365
0.0183865
0.0199357
0.0183076
0.0200355
0.01909
0.018623
0.018262
0.0182014
0.0316756
0.0174023
0.0186654
0.0181329
