0.0187173
0.0182726
0.0200745
0.0181005
0.0196151
0.0189284
0.019275
0.0192694
0.020067
0.0189423
0.0198763
0.0204118
0.0202816
0.0192089
0.0197731
0.0205212
0.0202061
0.0195195
0.0194782
0.0194148
0.0195788
0.0193407
0.0215353
0.0202083
0.019236
0.0192013
0.0195549
0.0191728
0.0206011
0.0198833
0.0196196
0.0190658
0.0195917
0.0179907
0.0198967
0.0191133
0.0197675
0.0201013
0.0193158
0.0189767
0.0202044
0.0192422
0.018864
0.019557
0.0188802
0.0198098
0.0194364
0.0209105
0.0201828
0.0186215
0.0189317
0.0192737
0.0196819
0.0193285
0.0200191
0.0191825
0.0200568
0.0195845
0.0190368
0.0195162
0.0199686
0.0198276
0.0219627
0.0209148
0.0197636
0.0192893
0.0197557
0.0195343
0.0205084
0.0197895
0.0203529
0.0200398
0.0210331
0.0196389
0.0204681
0.0191492
0.0194565
0.0194781
0.0200632
0.0209142
0.0190634
0.0203296
0.0195947
0.0203405
0.0198064
0.0201425
0.0192103
0.0195447
0.0193928
0.0196579
0.0195116
0.019523
0.0196807
0.0194384
0.0206604
0.0197122
0.0196521
0.0197094
0.0199842
0.0196612
