0.0092499
0.0096619
0.0092191
0.0087118
0.009529
0.0076596
0.010583
0.0107798
0.0079414
0.0094497
0.0095382
0.0098619
0.0080707
0.0070581
0.0079891
0.0071174
0.008023
0.00716
0.0084632
0.0071353
0.0080058
0.0098034
0.0088089
0.0099455
0.012419
0.0074529
0.0102052
0.0097713
0.0103989
0.01065
0.0106264
0.0118787
0.0099357
0.0104374
0.0091263
0.0076969
0.0098958
0.0092174
0.0096408
0.0093461
0.0101477
0.0100904
0.0110937
0.0097149
0.0097781
0.0112651
0.0100055
0.0099101
0.0093919
0.0097082
0.0096485
0.0100291
0.010194
0.0083775
0.00864
0.0106403
0.0098179
0.0080894
0.0105234
0.009444
0.0099333
0.0098384
0.0099274
0.0101125
0.0099865
0.0081719
0.0102059
0.0080877
0.0107164
0.0094965
0.0092565
0.0107185
0.0096757
0.0117673
0.0108771
0.0104051
0.0105378
0.0075832
0.0110888
0.0097438
0.0107557
0.0085154
0.0116715
0.0102392
0.0107813
0.0101229
0.01048
0.0107643
0.0129983
0.0103664
0.0098313
0.0101231
0.0102979
0.0111326
0.0105504
0.0096099
0.0119828
0.0099188
0.0096937
0.0092994
