0.0069364
0.0068246
0.0066578
0.0062995
0.0070348
0.0064831
0.0065908
0.0068546
0.0062366
0.0069357
0.0068781
0.0069778
0.0091394
0.0067111
0.0071438
0.0068852
0.0090733
0.0066161
0.0068832
0.0093253
0.0087597
0.0069324
0.0068807
0.0094514
0.008778
0.007038
0.006768
0.0071962
0.0068317
0.0068735
0.006802
0.0068148
0.00644
0.0067877
0.0068239
0.0069489
0.0089168
0.0089447
0.0070674
0.0067514
0.0094423
0.0067541
0.0062288
0.0068443
0.0068648
0.006906
0.0094016
0.0068779
0.0069731
0.0068136
0.0090482
0.0068189
0.0069846
0.0069722
0.0091073
0.0087564
0.0070431
0.0068014
0.0090609
0.0074509
0.0093267
0.0092683
0.0094102
0.0093853
0.0068049
0.0094283
0.0093324
0.0092201
0.0090619
0.0093301
0.0069344
0.0086887
0.0067475
0.0089285
0.0090509
0.0070019
0.0068909
0.006652
0.0089291
0.0065944
0.0068004
0.0086452
0.0091906
0.0066672
0.0068235
0.0069488
0.008982
0.0087099
0.0067453
0.0067344
0.0086216
0.0088955
0.0068159
0.006752
0.0091249
0.0087737
0.0069559
0.0066076
0.0093176
0.0069152
