0.0114752
0.0140907
0.0117872
0.0114911
0.0114522
0.0113857
0.0116368
0.0115372
0.0116194
0.0114938
0.0114924
0.0116819
0.0114338
0.0113827
0.011581
0.011727
0.0116305
0.011661
0.0115528
0.0115939
0.0114565
0.0115287
0.0115017
0.0114149
0.0114712
0.0115915
0.0114766
0.0116029
0.011528
0.0115686
0.0115793
0.0114311
0.0114489
0.0114816
0.0113229
0.0113468
0.0115019
0.0119389
0.0115461
0.0115187
0.0115744
0.0113654
0.0114655
0.0121351
0.0114528
0.0115773
0.0115363
0.0114873
0.0115645
0.0115795
0.011473
0.0122355
0.0115142
0.0113967
0.0115979
0.0114961
0.011455
0.0116371
0.0115124
0.0117403
0.0116318
0.011535
0.0115713
0.011397
0.0113514
0.0114255
0.011663
0.0119565
0.0114835
0.0116446
0.0117442
0.0115709
0.0114186
0.0116476
0.0114515
0.0116354
0.0115697
0.0113979
0.0116547
0.0115691
0.0116122
0.0115172
0.0114082
0.0115642
0.0112679
0.0112695
0.011761
0.0115855
0.0115094
0.0116032
0.011495
0.0115819
0.0116139
0.0115984
0.0115643
0.0115736
0.0114219
0.0115483
0.0116438
0.0116369
