0.0141353
0.0131474
0.0105321
0.0146487
0.0065231
0.0149188
0.0100461
0.0144131
0.0075682
0.0104707
0.0103324
0.0140601
0.0095281
0.0148244
0.0059236
0.0129754
0.0146854
0.0099059
0.0096431
0.0095398
0.0096351
0.0096281
0.0094634
0.0105947
0.009769
0.0136689
0.0059231
0.0095553
0.0099948
0.010045
0.0124217
0.014247
0.0138284
0.0138103
0.0138501
0.0139068
0.0116792
0.0097953
0.0142458
0.0140098
0.0139413
0.0143658
0.0143438
0.0103987
0.0135788
0.0129149
0.0146421
0.0142492
0.0149651
0.0144669
0.0149383
0.0141214
0.0140827
0.0137856
0.0135697
0.0138746
0.0141893
0.0139035
0.0143511
0.010193
0.0124483
0.01412
0.0100229
0.0146717
0.0102212
0.0145668
0.0137521
0.0164262
0.0138526
0.0101891
0.014991
0.0143769
0.0150393
0.013599
0.0098979
0.0144715
0.014174
0.0146394
0.0140993
0.0145169
0.0139741
0.0147278
0.0114731
0.0139687
0.0144608
0.0148997
0.0139729
0.0148234
0.0142814
0.0145005
0.0143495
0.0118692
0.0146938
0.0141998
0.0141551
0.0143867
0.0147511
0.0146009
0.01491
0.0139024
