0.015828
0.0169479
0.0170172
0.0183286
0.016731
0.0178719
0.0167666
0.0182626
0.015767
0.0171614
0.016549
0.0134668
0.0164682
0.0160763
0.0173698
0.0176749
0.0160835
0.014935
0.0177777
0.0182331
0.0176846
0.0143211
0.012122
0.0145352
0.0150793
0.0154912
0.0142169
0.0182723
0.0189404
0.0182895
0.0158913
0.0174636
0.0150928
0.0170456
0.0177682
0.0135891
0.0159861
0.0122546
0.0169867
0.0138223
0.0175721
0.0186969
0.0171431
0.0172989
0.0137464
0.0185646
0.0187913
0.0130088
0.015111
0.0177697
0.0165595
0.0181872
0.01602
0.0170703
0.0164681
0.0203566
0.018234
0.0150076
0.0182423
0.0183289
0.0178456
0.0141609
0.0180059
0.0174829
0.0165095
0.0193972
0.0173289
0.0171198
0.0182468
0.0175901
0.0161205
0.0186994
0.0179938
0.0115872
0.017943
0.0145762
0.0188031
0.0160401
0.0180104
0.0179572
0.0169624
0.0158973
0.0178034
0.01712
0.0163849
0.0169683
0.0185639
0.0135546
0.0178219
0.0187355
0.0166223
0.0183195
0.0187585
0.0153298
0.0180562
0.0133285
0.0169766
0.018305
0.0149099
0.0184178
