0.0159963
0.0148677
0.0145982
0.0157666
0.0152572
0.0144328
0.0181861
0.0154464
0.0144959
0.0165258
0.0170798
0.0150619
0.0146761
0.0145269
0.0153774
0.0159688
0.0164329
0.0144466
0.0150078
0.0153733
0.0144738
0.0153639
0.0149124
0.0149565
0.0156055
0.01524
0.0159128
0.0153558
0.014819
0.0162132
0.0146611
0.0150094
0.016945
0.0170666
0.0168914
0.0158089
0.0179361
0.0153471
0.0149269
0.0142227
0.0171168
0.0153373
0.0162538
0.0150882
0.0163876
0.0152929
0.0146842
0.0149295
0.0162962
0.0144802
0.0152621
0.0154609
0.015466
0.016341
0.0154581
0.0165186
0.0161166
0.0158525
0.0156939
0.0148799
0.0154366
0.0152632
0.0157593
0.0161729
0.015571
0.0160361
0.0145574
0.0163306
0.0167821
0.0152095
0.0150561
0.0144287
0.0150768
0.015165
0.0162554
0.0148323
0.0154089
0.014437
0.0149702
0.0146974
0.0174761
0.0158869
0.0126285
0.0147838
0.014912
0.0155164
0.0125801
0.0101178
0.0156473
0.0147173
0.0134894
0.0160783
0.0131767
0.0143213
0.0165469
0.0118945
0.0139866
0.015683
0.0150322
0.0103999
