0.0071606
0.0062074
0.0064022
0.006843
0.0078037
0.0108422
0.0074606
0.0075914
0.0082444
0.0072898
0.0074508
0.0059951
0.0063731
0.0066604
0.0086616
0.0066506
0.0061577
0.0077796
0.0059069
0.006984
0.0067251
0.0065141
0.0072638
0.0056956
0.0056084
0.0090653
0.005639
0.0071036
0.0073356
0.0067391
0.0071404
0.0085791
0.0072993
0.0058039
0.0063549
0.005708
0.0075615
0.0069333
0.0060004
0.0067584
0.0070279
0.006701
0.0074405
0.0076351
0.0073751
0.0073131
0.0068504
0.006806
0.0065308
0.0059105
0.0081628
0.0066779
0.0076018
0.0059918
0.0058736
0.0095582
0.0062378
0.0074424
0.0067978
0.0057844
0.0069212
0.0069661
0.0052151
0.0077571
0.0076281
0.0080063
0.0071217
0.0068262
0.006231
0.0066738
0.0075983
0.0067955
0.0077056
0.0073047
0.0065292
0.0081175
0.0065093
0.0059754
0.0089308
0.0061302
0.0072221
0.006365
0.0073635
0.007193
0.0064563
0.0074433
0.0064775
0.0072038
0.0074885
0.0068522
0.0056931
0.0067175
0.0065141
0.0058282
0.0064718
0.0077629
0.0067812
0.0084115
0.0061957
0.0065226
