0.0064435
0.003964
0.0070315
0.0052521
0.0067473
0.0050007
0.0060535
0.0040842
0.0041152
0.0048859
0.0069109
0.0051315
0.0063323
0.0040545
0.0043522
0.0062062
0.0055662
0.0068778
0.0040484
0.0063154
0.0041241
0.0059148
0.0043318
0.0039766
0.0040611
0.0070572
0.0054358
0.0063845
0.0061058
0.006246
0.0059837
0.0039444
0.0057727
0.0060861
0.0041842
0.0063193
0.0040853
0.0064296
0.0064964
0.0040691
0.0040247
0.0041592
0.0040252
0.0065675
0.0067057
0.0059654
0.004054
0.0040883
0.0066506
0.0042873
0.0056266
0.0039511
0.0067775
0.005832
0.0040202
0.0065382
0.0065558
0.0060676
0.0066621
0.0070409
0.0079931
0.0081332
0.0081184
0.0054334
0.0087328
0.0051882
0.008006
0.008139
0.0068331
0.0054337
0.0051923
0.0083812
0.0078509
0.0083381
0.0081011
0.0070136
0.0080669
0.0095654
0.0067203
0.0064211
0.0068315
0.0040652
0.0072233
0.0063146
0.0068628
0.0067633
0.0060911
0.0063643
0.0074893
0.0069471
0.0063766
0.0038482
0.0070357
0.0069905
0.006581
0.0065657
0.0066942
0.0067748
0.0062769
0.0064798
