0.0099399
0.0104483
0.0095238
0.0069155
0.0069755
0.0083084
0.0095772
0.0106112
0.0110325
0.0110636
0.0098273
0.010918
0.0110188
0.0112281
0.0105941
0.0135919
0.0121667
0.0134213
0.0119504
0.0107486
0.0110715
0.0094043
0.0121011
0.0089126
0.0082358
0.0100803
0.0084905
0.0060921
0.0070763
0.006728
0.0084024
0.0075286
0.0064028
0.0064878
0.006287
0.0077653
0.007356
0.007292
0.0071688
0.0081911
0.0082571
0.0088371
0.008179
0.0064485
0.0072438
0.0081122
0.0083263
0.0077572
0.0067457
0.0103696
0.0090293
0.0095325
0.0088653
0.0093946
0.0067966
0.0099298
0.0085328
0.0074828
0.0065589
0.0069172
0.0083303
0.0071647
0.0088549
0.0088875
0.0084283
0.009506
0.008604
0.0077894
0.007264
0.0079585
0.0075908
0.0092493
0.0080451
0.0075356
0.0084134
0.0093064
0.0091578
0.0087618
0.0080272
0.0075127
0.0087526
0.0085752
0.0084653
0.0064999
0.0077102
0.0084809
0.0080832
0.0073436
0.0081372
0.0082499
0.0076583
0.007731
0.0075058
0.007322
0.0093841
0.0095146
0.0081336
0.0076314
0.0079469
0.0078279
