0.006221
0.0054015
0.0052995
0.0064874
0.0030281
0.0067532
0.00601
0.0055577
0.006533
0.0049713
0.0051537
0.006398
0.0060026
0.0067425
0.0056499
0.0065472
0.0047736
0.0056286
0.0061935
0.0046645
0.0055033
0.005943
0.0060524
0.0067105
0.0067929
0.0060431
0.006402
0.0054826
0.0066428
0.0062231
0.0061748
0.0060126
0.0048821
0.0057563
0.0065954
0.0069586
0.0063563
0.0066388
0.0055632
0.0056226
0.005689
0.0060676
0.0046242
0.0074362
0.0057137
0.0062343
0.0059868
0.0061249
0.0061947
0.0054205
0.0063095
0.0062822
0.0062852
0.0058801
0.0055248
0.0062525
0.0055416
0.0053413
0.0059478
0.0056097
0.0061073
0.0062182
0.0060644
0.0060577
0.0061056
0.0059468
0.005651
0.0056685
0.005126
0.0065068
0.0054567
0.0066166
0.0064055
0.0061607
0.0066637
0.0049908
0.0063182
0.0064139
0.0055746
0.0055707
0.0056894
0.0070997
0.0074647
0.0058659
0.006376
0.0060942
0.0055866
0.0057447
0.0050403
0.0069177
0.0046212
0.006253
0.0073154
0.0055549
0.0063009
0.0068986
0.0065812
0.0067295
0.0057544
0.0070216
