0.0070417
0.0083032
0.0070686
0.007086
0.0075194
0.0074534
0.0070667
0.0070259
0.0071474
0.0073789
0.0100324
0.0075409
0.0069679
0.0072063
0.0075348
0.0075577
0.0074656
0.0073494
0.0070965
0.0071015
0.0073404
0.0074262
0.0074435
0.0073106
0.0068956
0.0067863
0.0071577
0.0072786
0.0067648
0.0067201
0.0068832
0.0067394
0.0069412
0.0069165
0.0069087
0.007187
0.0073099
0.0066878
0.0081367
0.0072376
0.0073558
0.006875
0.0070106
0.0074287
0.0075299
0.0067155
0.0070115
0.0069581
0.0066403
0.0067404
0.0071771
0.0067396
0.0070604
0.0066596
0.0068024
0.0067786
0.0068517
0.0070738
0.0075489
0.0070906
0.0068002
0.0074161
0.0078164
0.0074113
0.0071978
0.0069219
0.0069518
0.0073487
0.0070618
0.0073583
0.0075509
0.0070341
0.0067893
0.0068809
0.0073768
0.0072957
0.0074649
0.0067152
0.0071725
0.0073271
0.0068425
0.0071132
0.0071711
0.0073685
0.0069347
0.0069813
0.0066512
0.0067782
0.0067491
0.0073767
0.0073339
0.0073291
0.0068312
0.0072855
0.0075053
0.0072585
0.0070281
0.007311
0.0075626
0.0068332
