0.0116047
0.011553
0.0105682
0.0088969
0.0096744
0.0097703
0.0091835
0.008129
0.0102491
0.0084727
0.011705
0.0096878
0.0081702
0.0107828
0.0081792
0.00818
0.0091795
0.0112634
0.0112893
0.0108481
0.0092383
0.008311
0.009114
0.0086995
0.0116626
0.0097074
0.0109669
0.0083241
0.0093774
0.0088921
0.008668
0.0088841
0.0076398
0.0098033
0.0103358
0.0105361
0.0091027
0.0084639
0.0089646
0.0094395
0.0103019
0.0085191
0.0109737
0.0114564
0.0104163
0.0092598
0.0087826
0.0084821
0.0102326
0.0101602
0.0090313
0.0088659
0.0089165
0.0104715
0.0083756
0.0101159
0.009916
0.0114854
0.0089027
0.0110456
0.0103873
0.0097072
0.011828
0.0105836
0.010695
0.008705
0.0087799
0.0105671
0.0107209
0.0098421
0.009775
0.0093431
0.0105604
0.0088383
0.0149049
0.0140022
0.0163559
0.0121107
0.0115679
0.0102784
0.0109302
0.0138147
0.0098617
0.0137146
0.012287
0.010489
0.0097406
0.008239
0.0108318
0.0096293
0.0095396
0.0101487
0.0085946
0.0086358
0.0104851
0.0091588
0.0104702
0.0084777
0.0085086
0.0084139
