0.0200752
0.0172072
0.0193636
0.0176256
0.0285516
0.025199
0.0161976
0.025797
0.0174426
0.0164824
0.0163778
0.0204673
0.0168191
0.026191
0.0249104
0.0261676
0.0170092
0.0257518
0.0101789
0.013672
0.0109709
0.0184524
0.0121599
0.0130905
0.0106685
0.0127177
0.0100909
0.0108464
0.0091553
0.009442
0.010642
0.0098869
0.0090194
0.0095483
0.0095711
0.0110756
0.0099565
0.0090928
0.0113959
0.0098222
0.0092968
0.0370227
0.0520693
0.057145
0.0421692
0.0107728
0.0109331
0.0087825
0.0110364
0.0106376
0.0120188
0.010038
0.0115988
0.0100674
0.0104338
0.0155663
0.0106513
0.0092026
0.0085041
0.010363
0.0105145
0.0111641
0.0172788
0.0195821
0.0264289
0.0193874
0.0172184
0.0246173
0.0172193
0.0203981
0.0212608
0.0175152
0.0164899
0.0168742
0.0192784
0.0165555
0.0131869
0.0153109
0.0173715
0.0170341
0.0177161
0.0152143
0.0115423
0.0216644
0.0141542
0.017074
0.0157428
0.013727
0.0168649
0.0178709
0.0155013
0.0171782
0.0291478
0.0185231
0.0179529
0.0147442
0.0129217
0.025275
0.0258349
0.0136683
