0.0138278
0.0145145
0.0137448
0.0140362
0.0167232
0.0139724
0.0146189
0.0124649
0.0122688
0.0138775
0.0125846
0.0137573
0.0101357
0.0101925
0.0096913
0.0104818
0.009366
0.0113594
0.0087323
0.0110514
0.0091876
0.0096512
0.0119295
0.012019
0.0110447
0.0104463
0.0132644
0.0091094
0.0106866
0.0101091
0.0098611
0.010936
0.0096999
0.0112449
0.0103185
0.0108422
0.0104985
0.0098992
0.0099894
0.0099662
0.0100226
0.0103124
0.0107405
0.0094086
0.0106589
0.0085626
0.0088518
0.0092076
0.0096707
0.0164268
0.014931
0.0164708
0.0187207
0.0121232
0.0141638
0.0185219
0.0118417
0.0105721
0.0095913
0.0101292
0.0162361
0.0106797
0.0125142
0.0130931
0.0137582
0.0139416
0.0100464
0.0121033
0.0169265
0.0159227
0.0112657
0.0166096
0.0119046
0.0134922
0.0181311
0.0151087
0.0128337
0.0108234
0.0095461
0.0091008
0.0137311
0.0141969
0.0117552
0.0111558
0.0101693
0.0112356
0.0130354
0.0146999
0.0121216
0.0119692
0.0132581
0.0195987
0.0100008
0.0119647
0.0113086
0.0148119
0.0120251
0.0088998
0.0110225
0.0130484
