0.116178
0.126245
0.123854
0.135955
0.12201
0.114238
0.124796
0.128103
0.130033
0.129512
0.1272
0.113066
0.127361
0.116431
0.124494
0.117014
0.115853
0.11933
0.133204
0.109561
0.12602
0.11067
0.117675
0.133632
0.121508
0.136679
0.119463
0.125973
0.127873
0.135443
0.123179
0.129087
0.12452
0.137041
0.128767
0.136562
0.129064
0.126264
0.135086
0.131666
0.12847
0.133385
0.133922
0.132364
0.121347
0.127609
0.13018
0.131684
0.133093
0.130715
0.131783
0.136665
0.126554
0.13709
0.136477
0.132656
0.119474
0.13403
0.138034
0.132064
0.121566
0.133392
0.129712
0.116585
0.132057
0.123092
0.116741
0.10861
0.118358
0.114438
0.120875
0.125547
0.112578
0.131766
0.123884
0.12161
0.123062
0.119846
0.130152
0.123935
0.13261
0.132636
0.130947
0.129957
0.128628
0.122259
0.114305
0.125749
0.12424
0.11944
0.113273
0.120161
0.117492
0.11731
0.117529
0.115814
0.13504
0.128479
0.119169
0.117777
