0.117929
0.117514
0.118023
0.117537
0.119313
0.1195
0.119086
0.119543
0.117214
0.117978
0.109809
0.12027
0.119707
0.118471
0.119371
0.118855
0.118508
0.118133
0.120051
0.119664
0.123118
0.1194
0.118309
0.118429
0.119776
0.11784
0.12011
0.119273
0.118105
0.119844
0.118517
0.119492
0.119192
0.117786
0.11837
0.118808
0.118402
0.118317
0.119911
0.123719
0.120235
0.119312
0.119185
0.118026
0.118052
0.118851
0.118265
0.117299
0.119226
0.117814
0.118905
0.118769
0.117531
0.121176
0.118345
0.118194
0.117844
0.118299
0.118301
0.121054
0.117615
0.119487
0.119558
0.119252
0.119688
0.118225
0.120203
0.117773
0.118305
0.121547
0.119423
0.119932
0.120406
0.119211
0.117598
0.113482
0.118669
0.118781
0.120514
0.119442
0.118121
0.123115
0.118555
0.119776
0.119176
0.119874
0.119319
0.118004
0.117897
0.117854
0.118288
0.118015
0.120282
0.113339
0.118503
0.118722
0.119711
0.1169
0.119375
0.118277
