0.0913602
0.102838
0.102069
0.11378
0.106186
0.104469
0.103822
0.0865018
0.103747
0.0937966
0.0773337
0.0996958
0.0760244
0.0965848
0.105371
0.104684
0.0882319
0.103432
0.0938174
0.0853922
0.102194
0.103031
0.100149
0.100637
0.0737724
0.111074
0.104811
0.104609
0.103559
0.119318
0.104014
0.0990017
0.0837901
0.10198
0.0839503
0.102357
0.125541
0.103856
0.0906563
0.114223
0.12243
0.11265
0.103496
0.11242
0.120137
0.0998415
0.121674
0.0947044
0.0849162
0.103781
0.106484
0.104953
0.1078
0.105996
0.10584
0.10539
0.123683
0.105877
0.111102
0.101488
0.103554
0.118833
0.101731
0.101513
0.125295
0.124369
0.106389
0.103206
0.0990906
0.104145
0.102725
0.118727
0.125807
0.101957
0.107609
0.0881861
0.1032
0.106851
0.104669
0.108283
0.122806
0.115731
0.107908
0.106908
0.103611
0.111802
0.115279
0.107811
0.101842
0.105337
0.10754
0.10299
0.105017
0.102076
0.105562
0.103934
0.104901
0.115231
0.122206
0.121724
