0.116415
0.12057
0.119463
0.129904
0.12856
0.129003
0.130905
0.125743
0.127773
0.122414
0.132465
0.120583
0.116868
0.0949461
0.122053
0.137006
0.12965
0.121387
0.122751
0.125704
0.126623
0.130592
0.126854
0.124744
0.134066
0.13381
0.129312
0.127625
0.131364
0.11827
0.133619
0.124577
0.127329
0.128896
0.133335
0.126985
0.124473
0.134072
0.123913
0.123132
0.134128
0.119914
0.130854
0.12706
0.121509
0.132578
0.125371
0.133424
0.131893
0.134259
0.135852
0.132933
0.124309
0.123574
0.137153
0.132768
0.131492
0.120201
0.133819
0.125356
0.133889
0.115926
0.130898
0.111532
0.10916
0.113977
0.128802
0.133773
0.133809
0.123911
0.120001
0.116294
0.120696
0.118902
0.103193
0.113948
0.116461
0.111055
0.119678
0.113759
0.118225
0.125086
0.113172
0.118514
0.102905
0.11461
0.11504
0.124452
0.112279
0.116755
0.106684
0.122854
0.118264
0.118836
0.127327
0.1221
0.118144
0.123159
0.127198
0.116646
