0.0755797
0.0820175
0.0792328
0.0810601
0.0869194
0.0899865
0.0672301
0.0868765
0.0834052
0.0860546
0.0680265
0.0876513
0.0683598
0.0855277
0.067764
0.083476
0.0833182
0.0860357
0.0852218
0.0873394
0.0827226
0.0819459
0.0832281
0.0820902
0.0837386
0.0901239
0.0779399
0.089399
0.067572
0.0853514
0.0857825
0.0948408
0.0859536
0.0764337
0.0863423
0.0682331
0.0867721
0.0864098
0.0867669
0.0866967
0.0892131
0.09011
0.0902474
0.0892274
0.0882288
0.0901627
0.0860394
0.0874561
0.0870337
0.0879376
0.0860013
0.0886799
0.0891486
0.088355
0.0880473
0.0906839
0.0863916
0.088156
0.0881404
0.0885207
0.0880189
0.0858087
0.0884194
0.0879538
0.0883873
0.0877862
0.0879448
0.0860211
0.0883993
0.0863741
0.0858802
0.0855262
0.0887193
0.08678
0.0887838
0.0888317
0.0854141
0.089344
0.0892745
0.0887753
0.0868413
0.0879454
0.0906389
0.085686
0.0917771
0.0866128
0.0927286
0.0926908
0.0904686
0.088506
0.0914255
0.0888157
0.089689
0.0889129
0.0909386
0.0898369
0.08926
0.0901501
0.0904181
0.0835525
