0.122482
0.129235
0.123452
0.122115
0.125789
0.12772
0.117149
0.119526
0.123545
0.114044
0.119111
0.129638
0.115943
0.117425
0.125845
0.102658
0.10297
0.0954634
0.109543
0.121432
0.124915
0.115897
0.113854
0.126682
0.110928
0.119455
0.125192
0.107213
0.127142
0.117974
0.11488
0.1261
0.127145
0.125736
0.121918
0.125671
0.121713
0.125129
0.126283
0.122704
0.10489
0.132234
0.127875
0.112842
0.116114
0.128325
0.11825
0.133109
0.124835
0.10188
0.102627
0.113267
0.121817
0.127213
0.12221
0.125351
0.117632
0.124362
0.119667
0.130325
0.119987
0.109359
0.129305
0.115013
0.116569
0.118771
0.123767
0.124939
0.127123
0.12516
0.117971
0.127966
0.125428
0.122667
0.118685
0.124757
0.110528
0.117782
0.12917
0.123831
0.121295
0.121924
0.126071
0.12882
0.123961
0.129023
0.124511
0.0953252
0.124814
0.125594
0.12406
0.115539
0.115973
0.119146
0.123544
0.103122
0.114942
0.121456
0.127688
0.124581
