0.0927415
0.0805133
0.0932842
0.0929026
0.082097
0.0873362
0.0921316
0.0928471
0.0927681
0.0930111
0.0829948
0.093864
0.0771437
0.100695
0.0941983
0.0932223
0.100289
0.0800123
0.0819478
0.0915899
0.0923696
0.09513
0.0981683
0.0713995
0.0841751
0.0981547
0.0998278
0.0965219
0.101782
0.0978205
0.0946467
0.0924558
0.0958699
0.0906799
0.0952364
0.0992186
0.0945875
0.0893717
0.0921367
0.099442
0.0957951
0.091582
0.0907916
0.0945439
0.0943145
0.0934767
0.0932285
0.107928
0.0969756
0.100137
0.0958767
0.0853141
0.0961454
0.0675698
0.0838958
0.0881758
0.0931143
0.106911
0.101225
0.0948168
0.0951784
0.0899478
0.100749
0.0940661
0.0948762
0.0952708
0.0922523
0.093829
0.0917234
0.0940644
0.0953398
0.0933291
0.0967777
0.0952035
0.0964012
0.0960003
0.0994434
0.103546
0.102122
0.0947682
0.0836304
0.0923984
0.0946805
0.0898336
0.0923077
0.097299
0.0977078
0.0957732
0.0968901
0.103061
0.0951646
0.103625
0.100724
0.0935329
0.0983408
0.0953974
0.0967027
0.100644
0.0929782
0.102389
