0.104731
0.10552
0.105038
0.105441
0.106408
0.0854761
0.0992627
0.102058
0.0800454
0.100539
0.101608
0.104391
0.0976271
0.101596
0.0999438
0.107452
0.103484
0.105856
0.102355
0.0971791
0.104072
0.0911308
0.102184
0.1033
0.0779841
0.0947448
0.0996372
0.0915315
0.10088
0.0545459
0.103191
0.0744733
0.0785847
0.088135
0.10494
0.1037
0.104707
0.103435
0.106662
0.0876629
0.105595
0.0976938
0.104537
0.0813113
0.0957179
0.109812
0.1039
0.10221
0.0852872
0.0828601
0.101651
0.0948505
0.0966215
0.103165
0.102931
0.0970462
0.105197
0.0986625
0.101621
0.104612
0.0987659
0.0991391
0.102846
0.101028
0.1019
0.106425
0.106096
0.104889
0.0930165
0.104627
0.101428
0.103469
0.10639
0.103609
0.106151
0.109003
0.106669
0.101919
0.100429
0.110064
0.0859346
0.101877
0.104133
0.0819673
0.105885
0.10143
0.104443
0.102238
0.104755
0.0847062
0.10572
0.0953406
0.1067
0.0952269
0.083352
0.105354
0.0969139
0.0869766
0.100327
0.101128
