0.0038336
0.0037899
0.0036061
0.0029426
0.0039299
0.0042244
0.0037391
0.0047459
0.0029188
0.0037382
0.0042677
0.0037617
0.0038656
0.0039595
0.0036277
0.0036358
0.0046492
0.0035024
0.003758
0.0036052
0.0039693
0.0036339
0.003793
0.0044549
0.0038058
0.0040402
0.0034232
0.0041615
0.003935
0.0027861
0.0027044
0.0039374
0.0040573
0.0039902
0.0041176
0.0028893
0.0042706
0.0038801
0.0035712
0.0039282
0.0040172
0.0038495
0.0041188
0.0039645
0.0029305
0.003562
0.0037989
0.0039148
0.0042765
0.004003
0.0039379
0.0038319
0.0040377
0.0029185
0.0044995
0.0034786
0.0036239
0.0042912
0.003634
0.0034786
0.0039353
0.0035477
0.0038553
0.0025875
0.003815
0.0039685
0.0039249
0.0034747
0.0044017
0.004117
0.0036657
0.0045754
0.0037519
0.0036448
0.0036748
0.0040009
0.0038445
0.0039364
0.003555
0.003435
0.0040732
0.0037967
0.0034424
0.0042167
0.0036438
0.0034642
0.004076
0.003959
0.0037715
0.0039822
0.0037905
0.0041672
0.0037472
0.0039355
0.0039801
0.0037041
0.0042096
0.0025731
0.0037531
0.0036976
