0.0033289
0.0033725
0.0033519
0.0032436
0.0031372
0.0028541
0.0033711
0.003103
0.0031646
0.0031845
0.0030561
0.00321
0.0032694
0.0033008
0.0031812
0.0033618
0.0034806
0.0034011
0.00286
0.0031069
0.0032202
0.0030373
0.0032928
0.0030848
0.0029629
0.0033428
0.0032308
0.0030461
0.0030511
0.0033999
0.0031997
0.0032408
0.0029826
0.003224
0.0032703
0.0039472
0.0033724
0.0031364
0.0034959
0.003029
0.0035636
0.0028453
0.0032536
0.0030284
0.0030664
0.0033649
0.0032214
0.0030299
0.0030612
0.00295
0.0030465
0.0030881
0.0028439
0.0033382
0.0032755
0.0032747
0.0034143
0.0035178
0.0031768
0.0031497
0.0033002
0.0031599
0.0032715
0.003179
0.0033298
0.0032918
0.0035237
0.0032374
0.0032988
0.0033315
0.0030618
0.0032067
0.0033893
0.0031418
0.0032941
0.0031113
0.0033961
0.0032032
0.0034199
0.0031968
0.0031769
0.0033401
0.0033494
0.0032754
0.0030218
0.0035541
0.0028646
0.0034036
0.0031624
0.0031803
0.003355
0.0034639
0.003145
0.0032842
0.0033266
0.0031965
0.0030891
0.0030871
0.0032289
0.0030724
