0.0051887
0.0052557
0.0050597
0.0038571
0.0051673
0.0049045
0.0054736
0.0048043
0.003733
0.005412
0.0036816
0.0039127
0.0048197
0.0050412
0.0048978
0.0053631
0.0050791
0.0047
0.0039235
0.005331
0.0060315
0.0038357
0.0048896
0.0036145
0.0053173
0.0047643
0.0053571
0.0054596
0.0051037
0.0054208
0.0037222
0.0047734
0.0051972
0.0052402
0.0047101
0.0049127
0.0048917
0.0045454
0.0051656
0.0038188
0.0044666
0.004849
0.0051416
0.0037898
0.005068
0.0047012
0.0052928
0.0053913
0.0052442
0.0036408
0.0048651
0.0047532
0.0046869
0.003933
0.0054753
0.0035939
0.0050109
0.0050244
0.0035829
0.0049326
0.0048378
0.0036325
0.0035213
0.0048277
0.0048604
0.0051532
0.004953
0.0049157
0.0049156
0.0049969
0.0050552
0.0048969
0.0050114
0.0050852
0.0047016
0.0045112
0.0053003
0.0046808
0.0050696
0.0052579
0.0049879
0.0049719
0.0049285
0.0048367
0.0050303
0.0049659
0.0052084
0.0048463
0.0051587
0.0039354
0.0050367
0.0047317
0.0050526
0.0039844
0.0052415
0.0050517
0.0035555
0.0035712
0.0057167
0.0049449
