0.0032432
0.0031435
0.0034629
0.0033021
0.0032772
0.0032519
0.0047383
0.0030524
0.0028922
0.0033174
0.0035575
0.0041172
0.0033104
0.0031989
0.0032827
0.0032168
0.0036865
0.0032292
0.0031824
0.0031192
0.0031672
0.0032181
0.0033487
0.0035455
0.0030031
0.0030191
0.0031602
0.0031499
0.0031093
0.0031805
0.0031594
0.0030799
0.0033384
0.0034312
0.003572
0.0030574
0.0032749
0.0034881
0.0032481
0.0033045
0.0034121
0.0033231
0.0032803
0.0031321
0.0032206
0.0030995
0.0051644
0.0034285
0.0035183
0.0031823
0.0032231
0.0034442
0.0032365
0.0031083
0.0035685
0.0033412
0.0037842
0.0032071
0.0031876
0.0032009
0.0035507
0.0032834
0.0031796
0.0031307
0.0031041
0.0032638
0.0034061
0.003637
0.0035236
0.0032876
0.0032742
0.0035533
0.0029079
0.0034707
0.0036478
0.0031387
0.0036574
0.0032172
0.0031104
0.0034735
0.0032975
0.0031555
0.0032336
0.0034277
0.0033893
0.0032401
0.0033969
0.0035286
0.0035145
0.0033486
0.0032981
0.0034115
0.0032832
0.0034033
0.0036731
0.0031926
0.003069
0.0034226
0.0032656
0.0034493
