0.0032051
0.0039766
0.0032425
0.0032562
0.003143
0.0034175
0.0030321
0.0034934
0.0035286
0.0032287
0.0034235
0.0036379
0.0052382
0.0037102
0.00309
0.0037204
0.0030259
0.0034125
0.0033911
0.003401
0.0031034
0.0037318
0.0031751
0.003331
0.0032328
0.0032889
0.003342
0.0033205
0.0031338
0.0029482
0.0034539
0.0031162
0.0031376
0.0030402
0.0035223
0.0034203
0.0031608
0.0032944
0.0034378
0.0035034
0.0033661
0.0033755
0.0032721
0.003634
0.0032094
0.0034038
0.0034359
0.0030516
0.0032574
0.0056427
0.0031642
0.0030366
0.0037896
0.0030442
0.0033496
0.0034066
0.0030838
0.0030983
0.0033827
0.0037879
0.0031726
0.0119011
0.0031655
0.0032572
0.002979
0.0029711
0.0034063
0.0031965
0.0035248
0.0033716
0.0035184
0.0032933
0.0032515
0.0032029
0.0030396
0.0032613
0.0033487
0.0032299
0.0034986
0.0033034
0.0033122
0.0032371
0.0032955
0.0032346
0.0031629
0.0060053
0.0032785
0.0031761
0.0062469
0.0088746
0.0100266
0.0061519
0.0070547
0.0032842
0.0033015
0.0033693
0.0030596
0.0036502
0.0048477
0.0039253
