0.0032553
0.0030948
0.0031166
0.0032802
0.0034569
0.0039473
0.0033006
0.0037715
0.0037085
0.003075
0.0030843
0.0034583
0.0035082
0.0032788
0.0038267
0.0034418
0.0034653
0.0040427
0.0033594
0.0032837
0.0030374
0.0035093
0.003315
0.0029181
0.0034046
0.0032378
0.0031364
0.0032872
0.003012
0.0034701
0.0033153
0.0035382
0.0035591
0.0034095
0.0030165
0.0034892
0.0031668
0.0037369
0.0035015
0.0036716
0.0033692
0.0033009
0.0038895
0.0033922
0.0033116
0.003128
0.0032661
0.0035847
0.0035435
0.0032395
0.0039306
0.0035662
0.0034872
0.0032991
0.0031425
0.0030581
0.0032405
0.0032332
0.0035976
0.0040155
0.0035839
0.0032487
0.003347
0.0029768
0.0036557
0.0030783
0.0037945
0.0036663
0.0032099
0.003465
0.0032518
0.0028332
0.0031769
0.0033995
0.0039261
0.0033236
0.0030625
0.0032864
0.0037748
0.0034391
0.003141
0.0034567
0.0033754
0.0034415
0.0037055
0.0039212
0.00307
0.0031507
0.0035895
0.0034703
0.0032587
0.003101
0.003675
0.0032428
0.003288
0.0034646
0.0030052
0.0038113
0.0030379
0.0037453
