0.0068229
0.0072678
0.0078562
0.0065803
0.0065705
0.0064389
0.0075022
0.0076175
0.0072814
0.0069173
0.0073479
0.0068491
0.0071597
0.0068201
0.0064147
0.0068071
0.0067821
0.0066546
0.0074515
0.0068206
0.006536
0.0063233
0.0070493
0.0065374
0.0067424
0.0066157
0.0067352
0.0063172
0.0069753
0.0068055
0.0068455
0.0073139
0.0063266
0.0066349
0.0064576
0.0075482
0.006559
0.007357
0.0072071
0.0065553
0.0064257
0.0064454
0.0066285
0.0065754
0.0075067
0.0068225
0.0062756
0.0069195
0.0066191
0.0066609
0.0066911
0.007257
0.0065686
0.0067218
0.0065674
0.0075003
0.0064039
0.0066973
0.0065859
0.0074883
0.0071985
0.0067182
0.0062852
0.0065269
0.006577
0.0068698
0.0080213
0.0077194
0.0069208
0.0069124
0.0063046
0.0071798
0.0063937
0.007178
0.0065357
0.0067487
0.0067395
0.0074692
0.0063608
0.0063372
0.0069479
0.0067787
0.0069498
0.0067187
0.0069932
0.0063696
0.0076462
0.0067325
0.0068992
0.0082663
0.0068839
0.0068277
0.0070672
0.0067166
0.0065982
0.0072303
0.0067717
0.0078467
0.0080057
0.007747
