0.00306
0.0033615
0.0035267
0.0032614
0.0031519
0.0033975
0.0035799
0.0029601
0.0033846
0.0029888
0.0032397
0.0032788
0.003151
0.0032671
0.0033093
0.0033107
0.003578
0.0029599
0.0031621
0.003228
0.0030774
0.0034124
0.0031004
0.0034767
0.0035071
0.003357
0.0032273
0.0033141
0.0030347
0.0030436
0.003379
0.003448
0.0031863
0.0035392
0.0031954
0.003004
0.0034615
0.0031987
0.0033439
0.0033297
0.0031882
0.0032637
0.0032242
0.0032261
0.0034254
0.0035858
0.0032865
0.0032514
0.0034613
0.003698
0.0029034
0.0032719
0.0027002
0.0029852
0.0035808
0.0032476
0.0032666
0.0035336
0.0034407
0.0029748
0.0032083
0.0032321
0.0034566
0.0030542
0.0032344
0.0030467
0.0036866
0.0030838
0.0036017
0.003668
0.0035204
0.0028169
0.0030428
0.0032736
0.0031717
0.0031593
0.003435
0.0030539
0.0033007
0.0031725
0.0034468
0.0032387
0.0036361
0.0033882
0.0056401
0.0029745
0.0031944
0.0033851
0.0033316
0.0035095
0.0035894
0.0029276
0.003035
0.0033504
0.0031382
0.0033307
0.0031739
0.003784
0.0034194
0.0034715
